	"ИНДЕКСЫ ПОТРЕБИТЕЛЬСКИХ ЦЕН
на все товары и услуги по субъектам Российской Федерации в 1992-2024 гг."																																
																																	на конец периода, в % к декабрю предыдущего года
	1992	1993	1994	1995	1996	1997	1998	1999	2000	2001	2002	2003	2004	2005	2006	2007	2008	2009	2010	2011	2012	2013	2014	2015	2016	2017	2018	2019	2020	2021	20221)	20231)	20241)
Российская Федерация	2608,84	939,90	315,14	231,30	121,81	111,03	184,43	136,53	120,18	118,58	115,06	111,99	111,73	110,92	109,00	111,87	113,28	108,80	108,78	106,10	106,57	106,47	111,35	112,91	105,39	102,51	104,26	103,04	104,91	108,39	111,94	107,42	109,52
Центральный федеральный округ									120,71	119,20	115,50	111,69	112,07	110,49	109,00	112,22	113,27	109,42	108,86	106,00	106,88	106,68	111,99	113,68	105,85	103,18	104,65	103,01	104,70	108,32	112,46	107,41	109,92
Белгородская область	2601,89	791,91	316,38	228,41	129,15	113,43	167,65	140,79	120,92	119,21	116,35	112,01	111,71	112,57	109,30	112,33	113,60	108,94	109,03	105,51	106,24	106,24	110,53	111,38	104,38	101,54	104,35	102,80	104,92	109,13	112,79	107,01	109,11
Брянская область	1758,77	810,73	325,61	261,45	119,19	115,44	175,39	139,17	118,58	117,33	116,87	112,88	112,93	111,91	109,75	114,38	115,32	110,60	110,60	105,83	107,52	107,15	113,32	113,15	106,13	102,75	104,85	103,60	105,23	109,26	113,84	107,29	109,37
Владимирская область	2349,35	912,37	313,67	240,21	117,51	110,87	172,27	135,77	118,11	120,52	113,79	115,30	113,53	110,87	109,35	113,32	114,08	108,60	109,81	105,74	106,74	107,50	113,30	112,46	104,96	102,29	105,17	102,20	105,64	109,16	113,17	107,86	109,62
Воронежская область	2584,68	824,29	300,56	240,37	129,84	112,83	173,87	136,34	122,65	117,11	114,23	111,67	113,73	109,67	108,59	114,21	114,34	110,88	107,88	104,12	107,28	107,08	111,95	113,59	105,51	101,50	104,63	102,56	106,93	109,28	112,34	107,01	110,45
Ивановская область	2780,90	829,30	331,47	238,26	124,43	109,35	176,29	138,97	116,61	119,85	115,55	114,71	111,99	108,67	111,47	114,77	114,56	108,77	112,17	106,40	107,13	107,38	112,24	113,77	106,02	102,94	105,12	102,85	105,79	109,94	112,73	107,63	109,97
Калужская область	2258,72	874,90	336,18	256,91	120,52	110,39	173,73	132,72	118,55	119,57	117,49	114,34	114,04	111,15	109,45	113,52	114,89	110,18	108,48	106,80	107,61	107,60	113,18	114,54	105,67	103,36	104,62	102,66	105,72	108,86	115,62	108,05	109,11
Костромская область	2866,84	828,24	323,06	245,13	120,98	110,02	172,40	135,01	121,38	119,75	116,00	113,53	112,94	109,24	108,54	113,06	113,31	108,81	110,85	105,67	107,45	107,43	110,95	112,89	106,08	102,11	104,56	103,74	105,22	108,49	114,68	107,99	109,45
Курская область	2425,76	960,32	344,10	251,06	120,04	114,33	171,50	146,58	119,11	122,90	116,56	116,18	109,90	109,35	111,65	115,87	117,46	110,85	109,48	105,53	105,79	105,88	110,94	113,91	105,81	102,11	105,73	103,23	105,77	109,80	113,27	107,85	109,78
Липецкая область	1998,00	870,60	319,50	256,31	122,56	114,50	161,36	144,78	121,89	117,12	113,54	113,41	112,93	110,94	109,67	113,57	115,99	108,73	108,07	104,73	106,60	106,25	111,90	112,09	104,64	102,28	105,25	102,88	106,14	109,10	112,96	106,69	110,01
Московская область	2416,39	783,61	323,46	205,24	118,58	107,54	182,47	134,09	121,83	121,76	117,78	111,70	112,26	111,33	108,31	113,30	111,80	110,87	107,95	105,84	105,59	107,37	112,20	113,86	106,23	103,20	105,30	102,61	104,70	109,76	114,11	107,28	109,66
Орловская область	2115,20	848,67	352,26	238,61	120,61	106,72	167,91	139,28	118,97	116,74	115,11	112,20	111,74	109,51	107,60	111,31	114,31	108,57	108,98	105,76	106,84	107,42	112,69	112,81	106,27	102,04	103,99	103,37	105,22	109,08	112,87	107,52	109,81
Рязанская область	2714,97	979,34	305,97	268,99	120,66	111,90	179,41	139,34	118,08	119,17	112,04	114,91	111,67	110,06	108,61	116,49	115,44	108,34	109,85	105,82	107,04	108,07	113,47	112,30	105,54	103,28	106,00	102,89	106,01	109,20	112,13	106,51	109,48
Смоленская область	2635,29	805,69	290,12	241,52	119,12	113,15	176,73	144,67	122,52	116,60	116,13	112,91	113,42	111,90	109,52	114,42	116,78	110,02	110,92	106,43	106,49	106,17	114,15	111,85	104,69	102,35	104,90	102,18	105,41	108,13	110,31	107,05	110,30
Тамбовская область	2172,00	962,80	300,88	244,52	125,56	112,78	169,87	145,08	120,30	115,47	114,28	110,51	114,40	109,83	109,38	112,44	115,17	108,09	108,12	105,52	107,02	107,16	112,16	112,69	105,23	101,99	105,00	104,03	105,68	109,90	112,91	106,50	110,80
Тверская область	2490,40	787,50	302,70	226,80	120,18	113,84	171,14	139,16	121,87	119,01	115,04	112,75	111,77	110,87	107,73	112,71	113,20	108,34	109,66	105,27	106,69	107,20	113,63	112,09	104,77	102,00	104,44	102,14	105,17	109,12	112,28	106,59	109,35
Тульская область	2003,70	844,77	294,51	225,48	122,39	110,73	169,40	139,38	121,70	117,16	114,89	116,69	114,05	110,75	108,23	115,75	116,44	109,49	110,06	105,65	107,32	107,24	112,37	112,90	105,62	102,59	104,71	102,10	106,10	108,70	109,67	107,57	109,14
Ярославская область	1843,10	1054,60	323,35	233,13	125,20	111,78	172,56	133,07	120,06	120,76	116,11	111,92	111,71	112,29	110,50	113,46	114,82	109,53	110,48	106,00	107,81	107,04	113,48	113,86	105,74	102,68	105,05	103,80	105,51	109,31	111,58	106,10	110,29
г. Москва	2620,00	842,90	387,00	243,40	119,95	112,78	209,59	146,46	122,10	120,36	117,19	110,43	111,54	110,37	109,04	110,21	112,30	109,81	109,13	106,39	107,27	106,21	111,65	114,16	106,17	103,82	104,25	103,35	103,78	107,06	111,70	107,61	110,09
Северо-Западный федеральный округ									120,97	118,31	114,61	113,19	112,32	111,24	109,49	112,64	114,06	108,52	109,19	105,79	106,10	106,62	112,54	113,07	105,14	103,06	104,13	102,95	104,84	108,53	111,90	107,11	109,26
Республика Карелия	2810,30	1032,28	330,78	248,96	120,96	107,71	180,09	129,79	119,29	118,25	115,29	112,92	111,14	110,03	109,12	113,14	112,70	109,97	109,89	105,28	106,11	106,45	110,90	112,25	104,34	102,79	104,30	102,78	106,06	109,36	111,76	107,66	108,57
Республика Коми	3522,70	815,90	247,63	245,68	122,12	104,34	170,20	130,74	119,83	120,51	113,95	117,95	111,04	110,82	109,97	112,27	113,76	108,61	108,11	106,32	105,95	106,59	110,93	113,18	104,79	102,35	105,10	103,04	106,63	107,45	111,39	107,30	109,30
Архангельская область	2768,70	1070,37	313,11	244,93	117,93	107,30	171,82	132,22	121,04	119,57	116,05	112,66	112,50	109,72	108,98	112,85	114,08	108,58	109,37	105,37	105,91	106,66	112,96	113,03	104,74	101,57	103,80	103,25	104,62	109,27	112,01	108,77	108,04
Ненецкий авт.округ						113,71	160,84	157,54	125,09	119,98	125,45	112,73	117,70	112,27	109,20	107,35	118,40	105,93	106,67	104,49	105,67	105,55	109,71	115,35	104,72	101,67	101,84	104,12	103,42	103,67	115,63	104,60	106,26
Архангельская область (кроме Ненецкого автономного округа)																						106,76	113,00	113,00	104,77	101,53	103,95	103,13	104,73	109,57	111,87	108,96	108,10
Вологодская область	1532,40	728,08	292,26	247,45	121,15	109,84	163,49	136,93	119,72	115,37	113,10	113,05	111,75	111,26	109,20	112,65	114,29	107,24	109,15	105,73	106,01	107,21	112,01	112,01	104,95	102,20	103,90	102,93	105,28	109,31	112,58	107,83	110,02
Калининградская область	1663,90	844,33	317,00	242,30	109,59	105,54	202,49	134,54	117,45	121,01	109,82	117,53	111,66	111,11	107,88	111,22	115,24	108,01	107,98	105,72	105,64	106,97	115,60	111,74	104,69	102,81	104,82	102,76	105,14	109,49	112,92	108,16	110,34
Ленинградская область	2196,52	758,71	322,38	230,71	121,62	110,29	166,15	141,60	123,53	119,64	114,84	112,97	114,89	111,99	109,88	112,81	114,93	110,07	111,05	106,36	106,53	105,97	111,53	113,29	105,72	102,70	103,98	102,86	104,06	107,96	110,83	106,04	109,25
Мурманская область	2229,60	838,67	344,71	231,43	128,00	114,62	179,32	135,74	121,85	122,56	122,40	113,89	110,78	110,96	108,76	112,46	114,05	110,62	108,62	106,01	105,56	106,52	110,29	113,37	105,61	103,11	104,43	103,48	104,09	107,17	115,27	107,94	108,15
Новгородская область	3269,46	953,40	311,03	240,36	122,23	109,48	172,19	136,31	120,48	116,84	115,15	114,41	113,09	110,31	110,32	111,70	114,02	108,27	109,28	104,88	106,69	106,71	111,00	112,55	105,21	102,40	104,92	102,54	105,57	107,42	111,12	106,91	109,20
Псковская область	3367,63	837,59	284,44	219,07	120,73	111,72	168,74	142,20	118,58	118,41	112,63	112,70	111,62	110,54	108,12	112,47	112,95	108,28	108,61	105,62	107,32	107,24	112,00	114,22	105,09	102,44	104,86	102,34	104,91	108,06	112,04	106,03	108,47
г.Санкт-Петербург	2182,20	809,62	327,70	225,03	125,16	112,97	178,03	141,14	123,47	118,13	114,69	112,16	112,74	112,01	109,97	113,22	114,43	108,46	109,43	105,85	106,12	106,69	113,28	113,18	105,17	103,65	103,92	102,95	104,72	108,65	111,51	106,76	109,46
Южный федеральный округ2)									117,02	120,17	116,19	110,78	111,97	112,06	108,95	112,08	114,03	109,52	109,03	106,07	106,63	106,56	111,89	112,61	105,65	102,07	104,46	102,67	105,15	108,81	111,73	107,70	109,28
Республика Адыгея	2009,21	1018,52	332,08	266,12	120,77	113,50	168,26	147,02	119,85	121,54	114,52	113,17	113,38	111,69	108,49	111,31	115,07	108,53	110,08	106,16	106,55	106,89	111,43	112,60	105,24	101,72	104,21	102,20	105,75	108,90	111,92	107,38	107,49
Республика Калмыкия	2122,78	1676,64	288,70	249,61	123,61	117,47	168,52	144,48	116,88	119,78	115,21	110,07	114,84	110,94	109,80	114,64	116,12	107,17	112,56	107,17	107,61	107,81	111,06	111,36	105,36	103,30	104,30	103,29	106,34	111,50	109,38	106,61	110,26
Республика Крым																							142,53	127,64	107,24	101,40	105,47	102,59	105,24	108,68	113,24	107,62	109,57
Краснодарский край	2610,80	996,10	322,20	238,10	121,50	111,87	174,83	135,49	118,21	122,30	115,92	110,74	112,16	112,33	109,53	111,30	113,08	109,79	108,53	106,58	106,68	107,20	112,22	112,73	105,98	102,24	104,27	102,56	105,07	109,25	110,98	108,37	109,48
Астраханская область	3328,90	911,15	299,47	259,78	123,95	114,42	171,01	136,16	116,56	121,64	114,48	114,11	111,24	114,30	111,31	114,31	112,98	109,03	109,77	105,17	106,12	106,35	110,68	112,61	104,68	102,13	103,99	102,58	104,87	108,49	112,73	107,01	108,29
Волгоградская область	1977,94	1130,00	281,61	235,48	121,00	113,43	171,74	137,95	119,19	120,54	116,99	109,98	111,11	114,65	108,93	111,67	113,11	108,75	109,50	105,30	106,60	105,38	111,99	113,17	105,12	102,40	104,33	102,98	104,93	107,80	111,38	107,07	108,72
Ростовская область	1336,50	925,62	286,33	225,95	119,27	117,62	179,42	145,56	116,13	122,31	118,48	112,16	113,84	112,87	109,33	112,26	114,40	109,69	109,39	106,11	106,67	106,56	111,80	112,07	105,17	101,61	104,49	102,70	105,18	108,57	112,12	107,21	109,46
г.Севастополь																							136,14	120,99	106,48	103,82	105,09	102,51	105,65	110,09	112,14	108,78	110,69
Северо-Кавказский федеральный округ																			110,58	105,20	106,61	106,06	109,56	114,65	105,19	102,15	103,69	103,22	106,06	109,75	111,62	108,11	110,18
Республика Дагестан	1826,52	978,19	313,69	238,98	114,92	111,27	177,93	140,92	112,18	117,39	114,65	109,52	109,05	110,47	108,94	114,47	115,66	111,90	113,89	106,45	107,39	104,39	110,51	113,98	104,43	101,12	102,79	103,79	107,28	111,82	110,46	109,69	111,03
Республика Ингушетия			337,25	196,02	117,36	106,88	172,83	152,33	122,72	138,66	116,95	113,86	109,90	115,45	110,78	109,79	116,86	112,00	106,07	103,80	105,24	104,49	108,12	117,54	102,60	104,03	101,92	103,35	105,82	108,88	118,64	107,14	108,74
Кабардино-Балкарская Республика	2190,00	1013,09	245,50	261,60	124,90	116,85	167,76	135,30	116,84	122,48	115,56	108,85	112,99	114,11	107,35	112,23	116,05	110,08	111,36	106,74	108,75	107,49	108,46	115,30	106,13	102,48	103,47	103,69	105,39	108,17	111,90	107,05	108,98
Карачаево-Черкесская Республика	2598,95	807,42	250,53	234,44	118,89	111,04	173,33	149,43	113,39	119,16	119,22	109,36	112,09	112,40	110,31	114,86	114,45	110,10	111,68	105,13	106,24	107,43	110,41	114,88	105,41	101,88	103,74	102,95	105,18	107,53	112,10	107,61	108,78
Республика Северная Осетия - Алания	2957,02	991,24	332,16	238,19	128,75	113,02	174,17	137,08	116,26	117,47	115,49	107,84	112,50	111,44	111,12	111,84	114,25	108,36	110,65	105,56	106,35	106,06	110,23	113,56	104,84	102,27	103,40	101,87	105,05	109,18	111,20	107,06	109,71
Чеченская Республика													110,30	109,72	109,76	115,04	120,52	112,06	112,06	107,63	106,09	106,20	111,14	114,83	105,25	102,04	103,53	102,97	105,04	107,63	112,88	104,91	109,49
Ставропольский край	2994,50	1138,00	310,82	241,39	120,51	117,60	171,39	140,80	118,81	119,83	116,20	112,93	113,92	110,46	108,31	112,47	115,07	109,04	110,05	104,00	106,00	106,72	108,61	114,92	105,64	102,86	104,46	103,08	105,71	109,00	111,17	108,46	110,19
Приволжский федеральный округ									121,18	118,20	115,19	112,18	112,40	110,19	108,68	113,06	113,29	107,92	109,29	106,15	106,41	106,27	110,91	111,63	104,64	101,90	104,19	102,73	105,27	108,61	111,93	107,19	109,54
Республика Башкортостан	3325,86	859,45	252,48	226,40	126,37	108,71	178,82	139,24	121,63	117,40	114,66	111,13	114,26	110,85	108,88	112,56	112,42	108,30	109,64	106,35	106,24	105,97	111,17	110,92	104,94	101,59	104,27	102,87	105,02	108,71	111,26	106,87	108,87
Республика Марий Эл	2921,45	841,62	323,58	250,65	127,08	107,96	179,59	150,87	121,74	118,19	114,90	112,14	111,62	109,17	107,42	113,25	113,91	108,49	111,47	105,98	106,25	106,54	111,56	112,51	105,38	102,48	105,35	102,54	105,14	107,75	112,95	108,92	110,65
Республика Мордовия	1087,08	1057,18	366,24	225,14	125,76	118,74	174,20	140,90	128,03	119,74	118,17	108,95	116,97	108,87	108,08	112,30	114,36	109,05	109,45	105,14	106,04	106,27	111,59	111,12	103,79	101,13	103,44	101,98	104,51	107,77	110,77	105,73	108,71
Республика Татарстан	1915,82	896,59	302,24	233,70	123,85	117,51	176,33	138,46	124,19	117,43	116,44	112,35	112,74	108,81	107,35	111,64	111,79	107,46	108,24	105,90	106,44	106,34	109,68	110,74	103,93	102,19	103,73	102,85	104,78	108,66	111,37	107,06	109,66
Удмуртская Республика	3880,30	926,50	306,00	228,80	125,56	111,99	164,47	142,83	122,20	120,40	117,98	112,49	112,06	109,27	109,30	113,88	113,70	109,63	110,94	106,72	107,19	106,52	109,58	111,29	103,73	101,41	103,75	102,43	105,15	108,71	112,83	107,44	110,38
Чувашская Республика	2027,11	914,36	310,94	251,73	125,24	111,69	167,86	141,08	126,22	119,10	117,32	113,25	110,71	107,52	108,43	113,46	114,24	106,26	109,84	106,15	105,84	106,33	110,94	111,46	104,06	101,35	104,71	102,00	105,21	108,86	112,24	107,26	111,04
Пермский край3)	2411,00	763,20	301,62	236,40	125,35	110,52	183,73	139,13	124,48	122,54	116,04	114,56	112,62	110,42	108,98	116,36	115,34	108,88	110,23	106,66	107,30	106,50	110,44	112,56	105,39	101,43	103,80	103,05	104,50	108,86	112,43	107,74	109,86
Кировская область	1995,84	925,10	291,33	233,52	120,73	112,77	162,92	140,88	122,55	117,25	113,94	113,25	111,61	111,25	109,55	112,78	114,21	108,53	110,89	106,68	106,86	107,31	111,00	111,13	104,56	102,01	104,30	102,67	105,27	109,24	112,52	108,08	110,24
Нижегородская область	2059,69	905,63	315,76	212,43	132,83	109,12	199,74	142,26	121,72	119,71	115,41	115,34	114,32	111,94	110,57	116,09	115,32	108,37	109,90	106,68	106,85	106,90	111,38	112,15	105,36	103,11	104,70	103,02	105,77	108,06	111,48	106,90	108,88
Оренбургская область	2773,19	1191,26	305,52	245,08	119,15	110,07	178,47	139,67	118,71	115,77	113,62	110,11	110,16	110,48	108,73	111,82	112,54	107,71	109,18	105,68	106,34	106,04	110,90	110,42	103,54	101,93	104,28	102,42	104,79	108,55	112,00	107,25	109,75
Пензенская область	1401,75	977,89	308,83	240,63	126,85	109,04	175,74	148,38	120,57	118,45	115,09	109,89	114,78	111,32	110,05	113,91	115,22	108,17	109,83	105,59	105,81	106,18	110,88	111,32	104,16	101,55	104,15	102,47	106,12	108,29	112,35	106,86	109,73
Самарская область	2590,57	1119,40	309,58	234,53	122,39	112,47	183,23	132,51	119,92	116,66	117,16	112,70	112,74	111,43	108,73	111,86	112,69	108,05	107,83	105,69	105,81	105,60	111,78	112,73	105,19	101,51	104,45	103,02	105,56	108,82	112,66	107,49	109,77
Саратовская область	1561,29	788,87	305,43	226,85	129,72	115,26	184,14	138,87	118,98	119,02	111,81	110,15	110,74	108,43	108,34	111,76	111,65	108,45	108,51	105,34	105,97	106,18	110,93	111,68	103,93	101,24	104,24	102,53	106,69	108,73	111,27	106,64	109,20
Ульяновская область	2197,70	858,83	276,14	231,70	128,51	123,05	163,22	143,43	123,45	128,09	118,01	114,55	114,88	110,83	108,54	113,77	114,10	107,55	110,57	106,66	106,48	106,37	111,42	113,78	105,48	102,51	104,51	102,89	105,72	108,76	113,50	107,46	109,42
Уральский федеральный округ									122,18	120,50	113,66	110,34	110,40	111,69	110,15	110,88	112,60	108,82	109,84	106,39	106,42	106,16	109,85	113,03	105,74	102,41	103,27	103,11	104,21	107,03	109,94	106,36	108,83
Курганская область	3015,66	997,09	319,29	246,15	124,44	115,89	173,80	139,20	119,31	127,83	113,91	111,40	109,56	111,67	111,35	112,26	114,48	109,53	110,08	107,00	107,32	105,88	112,02	114,01	105,58	102,46	104,36	103,21	105,91	109,01	111,33	107,26	109,56
Свердловская область	2486,51	851,72	295,47	214,30	126,33	110,58	194,46	135,06	123,93	120,14	113,74	111,24	110,75	111,94	109,24	112,76	114,80	108,91	109,97	106,44	107,31	106,95	110,59	114,04	105,78	102,23	103,86	103,65	104,24	108,11	111,83	107,27	110,02
Тюменская область	2431,30	1315,33	292,78	223,22	119,95	114,78	164,52	136,34	120,82	119,91	115,54	110,71	109,80	111,84	111,48	108,89	111,34	108,75	108,44	104,94	105,48	105,94	108,66	112,63	106,88	102,68	102,37	102,49	103,63	106,04	107,64	104,80	107,77
Ханты-Мансийский авт.округ - Югра						116,64	165,07	137,27	121,32	119,24	117,23	114,19	109,68	109,78	111,63	107,95	110,95	109,96	107,84	105,27	104,79	106,19	108,21	113,36	108,52	103,14	102,04	102,28	103,89	105,46	107,05	104,62	107,91
Ямало-Hенецкий авт.округ						113,76	159,91	135,44	118,68	122,91	114,79	109,30	112,20	117,91	109,94	109,26	110,57	107,70	108,23	103,06	103,95	106,82	107,46	110,50	105,14	101,48	102,90	101,56	103,36	106,46	108,31	105,63	107,48
Тюменская область (кроме Ханты-Мансийского автономного округа - Югры и Ямало-Ненецкого автономного округа)																						105,40	109,96	113,52	105,14	103,36	102,85	103,05	104,22	106,76	108,13	104,58	107,76
Челябинская область	2606,30	1020,81	281,83	205,98	115,99	107,50	189,10	139,99	123,13	124,76	111,97	110,61	111,81	111,67	109,79	110,96	112,76	108,58	109,64	108,25	106,33	105,36	109,86	111,97	104,86	102,32	103,48	103,06	104,56	106,66	110,37	107,31	108,62
Сибирский федеральный округ2)									120,48	118,03	114,18	112,75	111,17	110,50	108,59	110,76	112,89	108,39	107,91	106,32	106,72	106,05	110,77	111,59	105,00	101,96	104,28	103,58	104,74	109,10	112,20	108,04	109,53
Республика Алтай	3195,00	1162,15	229,09	189,71	111,11	113,54	182,36	134,02	123,56	113,67	116,42	113,47	112,05	111,08	107,94	111,31	111,78	111,20	108,61	106,38	107,01	106,43	110,14	112,49	103,76	101,58	102,88	101,95	104,16	108,31	113,91	107,45	110,55
Республика Тыва	2432,70	1268,40	328,25	256,24	129,29	108,39	154,50	138,50	122,16	115,01	109,61	111,60	111,99	109,90	107,18	110,82	114,82	108,02	108,31	107,27	107,45	105,41	109,49	111,35	104,32	102,67	103,75	103,31	105,07	107,82	110,25	109,87	109,72
Республика Хакасия	2836,60	962,96	291,73	244,48	124,11	112,69	182,28	139,80	124,98	117,80	114,30	111,44	112,75	110,24	109,25	111,29	112,99	111,02	108,36	107,59	105,98	105,39	110,46	110,33	104,42	102,02	105,16	103,44	106,01	110,22	112,73	108,90	109,44
Алтайский край	3190,51	1154,69	269,38	242,54	119,86	111,23	171,00	135,44	122,60	119,40	113,06	112,78	112,87	113,64	107,72	112,10	114,47	110,14	108,20	104,81	107,17	107,03	111,20	112,37	105,81	101,79	104,09	103,28	105,35	110,20	112,05	108,77	109,81
Красноярский край4)	3273,36	837,68	291,23	263,69	122,07	108,84	160,41	129,94	121,10	124,32	116,83	118,37	110,29	109,27	109,57	109,16	111,82	107,72	107,90	106,12	106,82	104,80	109,46	110,56	104,69	101,61	104,29	103,83	104,69	109,04	112,09	107,78	109,62
Иркутская область5)	2079,31	1055,31	268,10	239,92	125,05	109,06	171,43	132,81	121,82	116,94	113,33	113,58	110,62	108,00	109,09	112,18	114,86	108,04	109,46	107,37	106,91	105,10	110,79	112,15	106,65	102,65	104,97	104,08	105,09	108,87	114,65	108,21	108,71
Кемеровская область - Кузбасс	2134,80	1297,05	287,80	233,97	120,99	108,16	170,64	126,77	120,31	117,97	113,94	111,78	111,18	110,54	108,17	109,84	112,20	107,67	107,92	106,47	107,52	106,73	111,91	111,48	104,53	102,06	104,61	103,89	104,58	109,16	112,58	108,13	109,55
Новосибирская область	2694,00	984,40	350,97	215,92	128,07	110,50	170,63	127,63	122,73	114,21	115,39	111,47	111,35	110,70	108,44	111,55	113,07	108,17	106,16	106,21	105,36	105,75	110,23	111,38	104,42	101,53	103,53	102,93	104,38	109,21	110,40	108,06	109,90
Омская область	2220,00	1065,38	309,90	224,98	129,94	111,05	172,17	131,33	121,32	115,39	115,15	110,87	109,43	110,66	109,73	111,50	112,20	107,22	108,51	104,99	106,88	106,13	111,41	110,89	104,48	101,41	103,89	103,55	104,86	109,38	110,94	107,23	109,78
Томская область	2345,20	1194,36	313,29	240,78	130,14	111,41	174,66	137,03	119,19	123,48	116,66	114,35	111,83	111,10	107,80	111,29	112,42	108,85	107,85	106,11	107,37	106,60	110,70	112,43	105,27	102,82	104,49	103,84	104,28	107,47	112,74	107,61	109,40
Дальневосточный федеральный округ2)									118,41	117,77	115,20	112,77	111,33	113,33	108,78	109,62	113,63	109,69	107,68	106,80	105,93	106,55	110,74	112,02	105,39	102,07	103,76	103,89	104,99	107,15	111,80	108,29	108,66
Республика Бурятия	2553,06	824,71	278,21	235,22	123,99	107,94	163,72	144,57	120,30	120,89	110,62	114,22	114,68	115,09	107,30	109,19	112,61	107,98	109,42	107,47	106,84	107,48	111,84	110,70	104,23	102,06	104,99	104,13	105,98	109,42	112,59	108,89	110,53
Республика Саха (Якутия)	2627,55	1008,83	257,74	232,48	121,79	106,33	155,38	137,29	117,38	113,09	112,13	111,78	110,78	112,05	111,86	109,03	112,45	108,15	105,97	106,99	105,39	105,98	110,28	110,51	105,98	104,44	102,73	104,15	103,95	106,18	112,31	107,38	109,24
Забайкальский край 6)	3115,45	1359,31	305,23	236,84	121,06	109,60	165,78	142,51	117,48	119,29	115,45	113,34	110,41	110,88	109,00	110,92	112,60	111,39	108,95	107,83	105,57	108,28	111,20	114,25	104,97	102,52	104,00	103,85	105,30	109,37	112,99	110,07	108,75
Камчатский край 7)	4896,50	1643,00	305,50	239,16	127,29	113,49	162,25	151,56	124,32	115,38	114,12	110,17	111,29	121,48	111,63	110,06	114,78	110,65	110,20	105,80	105,59	106,27	107,82	112,62	105,65	102,09	103,43	102,53	103,33	106,69	112,23	107,78	110,26
Приморский край	2883,90	1129,98	309,91	222,28	122,22	110,14	171,23	131,78	118,96	119,05	113,64	112,78	110,77	112,37	107,11	109,70	113,49	109,45	106,98	105,58	106,02	106,25	111,99	111,91	104,85	101,78	104,22	103,15	105,01	107,36	111,33	109,43	109,19
Хабаровский край	3063,09	1123,29	306,35	218,23	120,60	114,77	163,91	134,98	119,94	123,51	117,64	115,28	113,84	113,57	108,65	109,79	114,07	109,45	108,13	107,92	105,42	106,34	111,75	113,07	106,07	102,55	103,96	104,22	104,90	106,24	110,80	106,84	107,36
Амурская область	2654,00	1203,50	291,86	218,43	122,07	111,98	171,47	124,04	117,97	119,69	112,41	115,51	112,59	113,18	109,10	109,58	114,07	109,64	109,39	107,62	107,17	107,69	110,52	112,78	104,95	101,71	104,56	104,76	107,18	106,27	112,26	108,30	108,17
Магаданская область	5264,98	1163,00	249,03	200,40	121,34	110,71	153,71	148,86	118,31	117,52	112,32	111,86	109,42	112,44	108,07	113,30	119,26	113,43	108,54	109,22	108,65	109,01	107,82	113,11	103,67	103,10	104,70	102,57	105,00	108,58	111,36	106,41	107,59
Сахалинская область	3185,85	1718,39	365,22	238,95	131,76	109,03	174,34	140,69	115,59	119,41	117,56	111,84	111,51	114,06	110,35	111,81	113,08	110,69	110,01	106,36	105,95	106,51	108,58	110,64	104,76	102,16	102,82	103,53	105,00	106,20	112,07	107,44	107,15
Еврейская авт.область	2138,60	1519,98	318,64	244,56	125,48	114,94	166,33	129,48	116,94	118,99	119,86	114,48	112,14	114,51	105,49	111,65	114,99	112,22	109,52	108,87	106,46	108,52	111,79	111,05	106,65	102,50	104,58	104,72	106,06	108,45	113,04	107,97	108,47
Чукотский авт.округ	2551,00	2058,00	343,00	247,00	156,00	123,61	152,09	167,24	119,71	110,49	132,71	117,01	111,13	115,30	111,18	107,48	109,88	117,22	101,40	105,44	105,99	105,24	103,99	111,06	105,88	102,83	104,90	103,78	101,91	105,76	105,67	104,84	105,11
																																	
"1) Без учета статистической информации по Донецкой Народной Республике, Луганской Народной Республике, 
Запорожской и Херсонской областям;
"																																	
"2) Исходя из состава субъектов Российской Федерации, входящих в федеральный округ в соответствующем году;"																																	
"3) до 2005 г. Пермская область и Коми-Пермяцкий АО;"																																	
"4)  до 2007 г. Красноярский край, Таймырский (Долгано-Ненецкий) АО и Эвенкийский АО;
"																																	
"5) до 2008 г. Иркутская область и Усть-Ордынский Бурятский АО;
"																																	
"6)  до 2008 г. Читинская область и Агинский Бурятский АО;"																																	
7) до 2007 г. Камчатская область и Корякский АО.																																	
